[0, 1, 1, 3, 3]
[0, 1, 1, 2, 2]
[0, 1, 1, 3, 3]
[0, 1, 1, 3, 3]
[0, 1, 1, 2, 2]
[0, 1, 1, 3, 3]
[0, 1, 1, 3, 3]
[0, 1, 1, 2, 2]
[0, 1, 1, 3, 3]
[0, 1, 1, 2, 2]
[0, 1, 1, 2, 2]
[0, 1, 1, 2, 2]
[0, 1, 1, 2, 2]
[0, 1, 1, 2, 2]
[0, 1, 1, 2, 2]
[0, 1, 1, 3, 3]
[0, 1, 1, 2, 2]
[0, 1, 1, 2, 2]
[0, 1, 1, 2, 2]
[0, 1, 1, 3, 3]
[0, 1, 1, 2, 2]
[0, 1, 1, 2, 2]
[0, 1, 1, 2, 2]
[0, 1, 1, 2, 2]
[0, 1, 1, 2, 2]
[0, 1, 1, 3, 3]
[0, 1, 1, 3, 3]
[0, 1, 1, 3, 3]
[0, 1, 1, 2, 2]
[0, 1, 1, 3, 3]
[0, 1, 1, 2, 2]
[0, 1, 1, 2, 2]
[0, 1, 1, 2, 2]
[0, 1, 1, 2, 2]
[0, 1, 1, 3, 3]
[0, 1, 1, 2, 2]
[0, 1, 1, 2, 2]
[0, 1, 1, 2, 2]
[0, 1, 1, 2, 2]
[0, 1, 1, 3, 3]
[0, 1, 1, 2, 2]
[0, 1, 1, 3, 3]
[0, 1, 1, 3, 3]
[0, 1, 1, 2, 2]
[0, 1, 1, 2, 2]
[0, 1, 1, 2, 2]
[0, 1, 1, 3, 3]
[0, 1, 1, 3, 3]
[0, 1, 1, 2, 2]
[0, 1, 1, 2, 2]
[0, 1, 1, 2, 2]
[0, 1, 1, 3, 3]
[0, 1, 1, 3, 3]
[0, 1, 1, 2, 2]
[0, 1, 1, 2, 2]
[0, 1, 1, 2, 2]
[0, 1, 1, 2, 2]
[0, 1, 1, 2, 2]
[0, 1, 1, 2, 2]
[0, 1, 1, 3, 3]
[0, 1, 1, 3, 3]
[0, 1, 1, 2, 2]
[0, 1, 1, 3, 3]
[0, 1, 1, 3, 3]
[0, 1, 1, 2, 2]
[0, 1, 1, 3, 3]
[0, 1, 1, 2, 2]
[0, 1, 1, 3, 3]
[0, 1, 1, 2, 2]
[0, 1, 1, 2, 2]
[0, 1, 1, 2, 2]
[0, 1, 1, 2, 2]
[0, 1, 1, 3, 3]
[0, 1, 1, 2, 2]
[0, 1, 1, 3, 3]
[0, 1, 1, 2, 2]
[0, 1, 1, 2, 2]
[0, 1, 1, 2, 2]
[0, 1, 1, 2, 2]
[0, 1, 1, 2, 2]
[0, 1, 1, 2, 2]
[0, 1, 1, 2, 2]
[0, 1, 1, 3, 3]
[0, 1, 1, 3, 3]
[0, 1, 1, 3, 3]
[0, 1, 1, 2, 2]
[0, 1, 1, 3, 3]
[0, 1, 1, 3, 3]
[0, 1, 1, 2, 2]
[0, 1, 1, 3, 3]
[0, 1, 1, 2, 2]
[0, 1, 1, 3, 3]
[0, 1, 1, 2, 2]
[0, 1, 1, 2, 2]
[0, 1, 1, 3, 3]
[0, 1, 1, 2, 2]
[0, 1, 1, 2, 2]
[0, 1, 1, 2, 2]
[0, 1, 1, 2, 2]
[0, 1, 1, 3, 3]
[0, 1, 1, 2, 2, 2]
[0, 1, 1, 2, 2, 2]
[0, 1, 1, 3, 3, 4, 4]
[0, 1, 1, 3, 3, 5, 5]
[0, 1, 1, 2, 2, 4, 4]
[0, 1, 1, 2, 2, 2]
[0, 1, 1, 2, 2, 3, 3]
[0, 1, 1, 2, 2, 2]
[0, 1, 1, 2, 2, 4, 4]
[0, 1, 1, 2, 2, 2]
[0, 1, 1, 2, 2, 2]
[0, 1, 1, 2, 2, 2]
[0, 1, 1, 2, 2, 4, 4]
[0, 1, 1, 2, 2, 2]
[0, 1, 1, 2, 2, 3, 3]
[0, 1, 1, 2, 2, 2]
[0, 1, 1, 2, 2, 2]
[0, 1, 1, 2, 2, 4, 4]
[0, 1, 1, 2, 2, 2]
[0, 1, 1, 2, 2, 3, 3]
[0, 1, 1, 2, 2, 3, 3]
[0, 1, 1, 2, 2, 5, 5]
[0, 1, 1, 2, 2, 2]
[0, 1, 1, 3, 3, 3]
[0, 1, 1, 2, 2, 4, 4]
[0, 1, 1, 2, 2, 4, 4]
[0, 1, 1, 3, 3, 3]
[0, 1, 1, 3, 3, 3]
[0, 1, 1, 2, 2, 2]
[0, 1, 1, 2, 2, 2]
[0, 1, 1, 2, 2, 2]
[0, 1, 1, 2, 2, 2]
[0, 1, 1, 2, 2, 2]
[0, 1, 1, 2, 2, 2]
[0, 1, 1, 3, 3, 3]
[0, 1, 1, 3, 3, 3]
[0, 1, 1, 3, 3, 4, 4]
[0, 1, 1, 2, 2, 2]
[0, 1, 1, 2, 2, 2]
[0, 1, 1, 2, 2, 2]
[0, 1, 1, 2, 2, 2]
[0, 1, 1, 2, 2, 2]
[0, 1, 1, 2, 2, 5, 5]
[0, 1, 1, 2, 2, 5, 5]
[0, 1, 1, 2, 2, 2]
[0, 1, 1, 2, 2, 4, 4]
[0, 1, 1, 2, 2, 2]
[0, 1, 1, 2, 2, 4, 4]
[0, 1, 1, 2, 2, 2]
[0, 1, 1, 2, 2, 2]
[0, 1, 1, 3, 3, 4, 4]
[0, 1, 1, 2, 2, 2]
[0, 1, 1, 2, 2, 4, 4]
[0, 1, 1, 2, 2, 3, 3]
[0, 1, 1, 2, 2, 2]
[0, 1, 1, 2, 2, 2]
[0, 1, 1, 3, 3, 3]
[0, 1, 1, 2, 2, 3, 3]
[0, 1, 1, 2, 2, 2]
[0, 1, 1, 2, 2, 2]
[0, 1, 1, 2, 2, 2]
[0, 1, 1, 2, 2, 5, 5]
[0, 1, 1, 2, 2, 3, 3]
[0, 1, 1, 3, 3, 3]
[0, 1, 1, 2, 2, 3, 3]
[0, 1, 1, 2, 2, 2]
[0, 1, 1, 2, 2, 5, 5]
[0, 1, 1, 2, 2, 2]
[0, 1, 1, 2, 2, 3, 3]
[0, 1, 1, 2, 2, 4, 4]
[0, 1, 1, 2, 2, 2]
[0, 1, 1, 3, 3, 4, 4]
[0, 1, 1, 2, 2, 4, 4]
[0, 1, 1, 2, 2, 2]
[0, 1, 1, 2, 2, 4, 4]
[0, 1, 1, 2, 2, 2]
[0, 1, 1, 3, 3, 3]
[0, 1, 1, 2, 2, 3, 3]
[0, 1, 1, 3, 3, 4, 4]
[0, 1, 1, 2, 2, 2]
[0, 1, 1, 2, 2, 4, 4]
[0, 1, 1, 2, 2, 3, 3]
[0, 1, 1, 3, 3, 3]
[0, 1, 1, 2, 2, 2]
[0, 1, 1, 2, 2, 3, 3]
[0, 1, 1, 2, 2, 2]
[0, 1, 1, 3, 3, 4, 4]
[0, 1, 1, 3, 3, 3]
[0, 1, 1, 3, 3, 5, 5]
[0, 1, 1, 2, 2, 4, 4]
[0, 1, 1, 2, 2, 2]
[0, 1, 1, 3, 3, 5, 5]
[0, 1, 1, 3, 3, 3]
[0, 1, 1, 2, 2, 4, 4]
[0, 1, 1, 2, 2, 2]
[0, 1, 1, 2, 2, 2]
[0, 1, 1, 2, 2, 3, 3]
[0, 1, 1, 2, 2, 2]
[0, 1, 1, 2, 2, 2]
[0, 1, 1, 2, 2, 3, 3]
[0, 1, 1, 3, 3, 4, 4, 5, 5]
[0, 1, 1, 2, 2, 4, 4, 4]
[0, 1, 1, 2, 2, 2, 3, 3]
[0, 1, 1, 2, 2, 2, 5, 5]
[0, 1, 1, 2, 2, 2, 5, 5]
[0, 1, 1, 2, 2, 2, 3, 3]
[0, 1, 1, 2, 2, 2, 5, 5]
[0, 1, 1, 2, 2, 3, 3, 4, 4]
[0, 1, 1, 2, 2, 2, 4, 4]
[0, 1, 1, 2, 2, 3, 3, 7, 7]
[0, 1, 1, 3, 3, 4, 4, 5, 5]
[0, 1, 1, 2, 2, 2, 5, 5]
[0, 1, 1, 2, 2, 3, 3, 3]
[0, 1, 1, 3, 3, 4, 4, 4]
[0, 1, 1, 2, 2, 2, 4, 4]
[0, 1, 1, 2, 2, 2, 4, 4]
[0, 1, 1, 3, 3, 4, 4, 5, 5]
[0, 1, 1, 2, 2, 2, 3, 3]
[0, 1, 1, 3, 3, 3, 5, 5]
[0, 1, 1, 2, 2, 2, 3, 3]
[0, 1, 1, 2, 2, 4, 4, 6, 6]
[0, 1, 1, 2, 2, 3, 3, 4, 4]
[0, 1, 1, 2, 2, 2, 5, 5]
[0, 1, 1, 2, 2, 3, 3, 3]
[0, 1, 1, 2, 2, 2, 4, 4]
[0, 1, 1, 2, 2, 2, 5, 5]
[0, 1, 1, 2, 2, 2, 3, 3]
[0, 1, 1, 3, 3, 3, 4, 4]
[0, 1, 1, 2, 2, 3, 3, 4, 4]
[0, 1, 1, 2, 2, 3, 3, 3]
[0, 1, 1, 2, 2, 2, 4, 4]
[0, 1, 1, 2, 2, 2, 3, 3]
[0, 1, 1, 2, 2, 2, 5, 5]
[0, 1, 1, 2, 2, 2, 3, 3]
[0, 1, 1, 2, 2, 2, 3, 3]
[0, 1, 1, 3, 3, 4, 4, 4]
[0, 1, 1, 2, 2, 3, 3, 6, 6]
[0, 1, 1, 3, 3, 5, 5, 6, 6]
[0, 1, 1, 3, 3, 3, 4, 4]
[0, 1, 1, 2, 2, 2, 4, 4]
[0, 1, 1, 2, 2, 2, 4, 4]
[0, 1, 1, 2, 2, 3, 3, 3]
[0, 1, 1, 3, 3, 4, 4, 6, 6]
[0, 1, 1, 2, 2, 3, 3, 3]
[0, 1, 1, 2, 2, 2, 4, 4]
[0, 1, 1, 2, 2, 5, 5, 6, 6]
[0, 1, 1, 2, 2, 3, 3, 3]
[0, 1, 1, 2, 2, 2, 4, 4]
[0, 1, 1, 2, 2, 4, 4, 4]
[0, 1, 1, 2, 2, 2, 4, 4]
[0, 1, 1, 2, 2, 3, 3, 3]
[0, 1, 1, 3, 3, 5, 5, 5]
[0, 1, 1, 3, 3, 4, 4, 4]
[0, 1, 1, 2, 2, 2, 5, 5]
[0, 1, 1, 3, 3, 3, 5, 5]
[0, 1, 1, 2, 2, 2, 3, 3]
[0, 1, 1, 2, 2, 2, 5, 5]
[0, 1, 1, 2, 2, 2, 6, 6]
[0, 1, 1, 2, 2, 2, 4, 4]
[0, 1, 1, 3, 3, 4, 4, 4]
[0, 1, 1, 2, 2, 3, 3, 3]
[0, 1, 1, 3, 3, 5, 5, 6, 6]
[0, 1, 1, 2, 2, 2, 3, 3]
[0, 1, 1, 2, 2, 2, 5, 5]
[0, 1, 1, 3, 3, 5, 5, 7, 7]
[0, 1, 1, 2, 2, 2, 3, 3]
[0, 1, 1, 3, 3, 4, 4, 6, 6]
[0, 1, 1, 2, 2, 3, 3, 4, 4]
[0, 1, 1, 2, 2, 2, 4, 4]
[0, 1, 1, 2, 2, 2, 5, 5]
[0, 1, 1, 2, 2, 4, 4, 4]
[0, 1, 1, 2, 2, 2, 4, 4]
[0, 1, 1, 2, 2, 2, 4, 4]
[0, 1, 1, 2, 2, 2, 5, 5]
[0, 1, 1, 2, 2, 5, 5, 6, 6]
[0, 1, 1, 2, 2, 3, 3, 3]
[0, 1, 1, 2, 2, 3, 3, 5, 5]
[0, 1, 1, 3, 3, 3, 5, 5]
[0, 1, 1, 2, 2, 4, 4, 5, 5]
[0, 1, 1, 2, 2, 2, 3, 3]
[0, 1, 1, 2, 2, 3, 3, 4, 4]
[0, 1, 1, 2, 2, 3, 3, 4, 4]
[0, 1, 1, 3, 3, 3, 5, 5]
[0, 1, 1, 3, 3, 3, 4, 4]
[0, 1, 1, 3, 3, 3, 4, 4]
[0, 1, 1, 2, 2, 3, 3, 4, 4]
[0, 1, 1, 2, 2, 2, 3, 3]
[0, 1, 1, 2, 2, 4, 4, 6, 6]
[0, 1, 1, 3, 3, 3, 4, 4]
[0, 1, 1, 2, 2, 2, 3, 3]
[0, 1, 1, 3, 3, 5, 5, 6, 6]
[0, 1, 1, 2, 2, 2, 3, 3]
[0, 1, 1, 2, 2, 3, 3, 3]
[0, 1, 1, 2, 2, 5, 5, 7, 7]
[0, 1, 1, 2, 2, 2, 3, 3]
[0, 1, 1, 2, 2, 5, 5, 7, 7]
[0, 1, 1, 3, 3, 3, 4, 4]
[0, 1, 1, 2, 2, 2, 3, 3]
[0, 1, 1, 2, 2, 3, 3, 5, 5]
[0, 1, 1, 2, 2, 4, 4, 4]
[0, 1, 1, 2, 2, 3, 3, 4, 4, 4]
[0, 1, 1, 2, 2, 3, 3, 4, 4, 4]
[0, 1, 1, 3, 3, 3, 6, 6, 7, 7]
[0, 1, 1, 3, 3, 4, 4, 4, 5, 5]
[0, 1, 1, 2, 2, 3, 3, 3, 5, 5]
[0, 1, 1, 2, 2, 2, 3, 3, 6, 6]
[0, 1, 1, 2, 2, 4, 4, 5, 5, 8, 8]
[0, 1, 1, 2, 2, 2, 5, 5, 6, 6]
[0, 1, 1, 2, 2, 2, 3, 3, 5, 5]
[0, 1, 1, 3, 3, 4, 4, 4, 5, 5]
[0, 1, 1, 2, 2, 2, 3, 3, 6, 6]
[0, 1, 1, 2, 2, 3, 3, 3, 8, 8]
[0, 1, 1, 3, 3, 3, 4, 4, 5, 5]
[0, 1, 1, 2, 2, 3, 3, 4, 4, 5, 5]
[0, 1, 1, 3, 3, 4, 4, 6, 6, 6]
[0, 1, 1, 2, 2, 2, 3, 3, 6, 6]
[0, 1, 1, 3, 3, 4, 4, 4, 5, 5]
[0, 1, 1, 2, 2, 3, 3, 3, 4, 4]
[0, 1, 1, 3, 3, 3, 5, 5, 6, 6]
[0, 1, 1, 2, 2, 5, 5, 6, 6, 7, 7]
[0, 1, 1, 2, 2, 2, 3, 3, 5, 5]
[0, 1, 1, 2, 2, 2, 3, 3, 4, 4]
[0, 1, 1, 2, 2, 2, 3, 3, 4, 4]
[0, 1, 1, 2, 2, 2, 4, 4, 4]
[0, 1, 1, 2, 2, 3, 3, 4, 4, 5, 5]
[0, 1, 1, 3, 3, 3, 4, 4, 6, 6]
[0, 1, 1, 2, 2, 4, 4, 4, 5, 5]
[0, 1, 1, 3, 3, 3, 4, 4, 4]
[0, 1, 1, 2, 2, 2, 4, 4, 5, 5]
[0, 1, 1, 3, 3, 4, 4, 5, 5, 6, 6]
[0, 1, 1, 2, 2, 4, 4, 5, 5, 5]
[0, 1, 1, 2, 2, 2, 3, 3, 3]
[0, 1, 1, 2, 2, 2, 3, 3, 7, 7]
[0, 1, 1, 2, 2, 2, 3, 3, 3]
[0, 1, 1, 2, 2, 3, 3, 3, 4, 4]
[0, 1, 1, 2, 2, 2, 5, 5, 7, 7]
[0, 1, 1, 2, 2, 2, 3, 3, 5, 5]
[0, 1, 1, 3, 3, 3, 5, 5, 5]
[0, 1, 1, 3, 3, 3, 4, 4, 4]
[0, 1, 1, 2, 2, 5, 5, 7, 7, 8, 8]
[0, 1, 1, 2, 2, 2, 4, 4, 5, 5]
[0, 1, 1, 2, 2, 2, 3, 3, 3]
[0, 1, 1, 3, 3, 3, 4, 4, 4]
[0, 1, 1, 2, 2, 2, 3, 3, 4, 4]
[0, 1, 1, 2, 2, 2, 3, 3, 4, 4]
[0, 1, 1, 2, 2, 2, 5, 5, 5]
[0, 1, 1, 2, 2, 2, 3, 3, 5, 5]
[0, 1, 1, 3, 3, 4, 4, 5, 5, 7, 7]
[0, 1, 1, 2, 2, 2, 3, 3, 7, 7]
[0, 1, 1, 2, 2, 2, 3, 3, 4, 4]
[0, 1, 1, 3, 3, 4, 4, 4, 5, 5]
[0, 1, 1, 2, 2, 2, 3, 3, 3]
[0, 1, 1, 2, 2, 2, 4, 4, 4]
[0, 1, 1, 2, 2, 4, 4, 5, 5, 6, 6]
[0, 1, 1, 2, 2, 3, 3, 3, 4, 4]
[0, 1, 1, 2, 2, 2, 3, 3, 4, 4]
[0, 1, 1, 3, 3, 3, 5, 5, 7, 7]
[0, 1, 1, 2, 2, 2, 4, 4, 4]
[0, 1, 1, 2, 2, 3, 3, 4, 4, 6, 6]
[0, 1, 1, 2, 2, 2, 3, 3, 6, 6]
[0, 1, 1, 2, 2, 3, 3, 4, 4, 4]
[0, 1, 1, 2, 2, 3, 3, 4, 4, 9, 9]
[0, 1, 1, 2, 2, 3, 3, 3, 5, 5]
[0, 1, 1, 2, 2, 4, 4, 4, 5, 5]
[0, 1, 1, 2, 2, 4, 4, 7, 7, 8, 8]
[0, 1, 1, 2, 2, 2, 3, 3, 3]
[0, 1, 1, 3, 3, 3, 4, 4, 4]
[0, 1, 1, 2, 2, 2, 3, 3, 4, 4]
[0, 1, 1, 2, 2, 3, 3, 5, 5, 5]
[0, 1, 1, 2, 2, 2, 3, 3, 4, 4]
[0, 1, 1, 2, 2, 5, 5, 5, 7, 7]
[0, 1, 1, 2, 2, 4, 4, 4, 5, 5]
[0, 1, 1, 2, 2, 2, 3, 3, 4, 4]
[0, 1, 1, 2, 2, 2, 3, 3, 3]
[0, 1, 1, 2, 2, 2, 6, 6, 6]
[0, 1, 1, 3, 3, 4, 4, 5, 5, 7, 7]
[0, 1, 1, 2, 2, 2, 3, 3, 3]
[0, 1, 1, 2, 2, 5, 5, 5, 7, 7]
[0, 1, 1, 3, 3, 5, 5, 6, 6, 8, 8]
[0, 1, 1, 2, 2, 3, 3, 4, 4, 4]
[0, 1, 1, 2, 2, 2, 4, 4, 4]
[0, 1, 1, 2, 2, 2, 3, 3, 3]
[0, 1, 1, 2, 2, 2, 4, 4, 4]
[0, 1, 1, 2, 2, 2, 3, 3, 6, 6]
[0, 1, 1, 2, 2, 5, 5, 5, 6, 6]
[0, 1, 1, 3, 3, 3, 4, 4, 4]
[0, 1, 1, 2, 2, 4, 4, 4, 5, 5]
[0, 1, 1, 2, 2, 2, 4, 4, 4]
[0, 1, 1, 2, 2, 2, 3, 3, 4, 4]
[0, 1, 1, 2, 2, 2, 3, 3, 5, 5]
[0, 1, 1, 2, 2, 2, 3, 3, 3]
[0, 1, 1, 2, 2, 3, 3, 4, 4, 5, 5]
[0, 1, 1, 2, 2, 2, 3, 3, 4, 4]
[0, 1, 1, 2, 2, 2, 3, 3, 3]
[0, 1, 1, 3, 3, 4, 4, 4, 5, 5]
[0, 1, 1, 2, 2, 2, 4, 4, 4]
[0, 1, 1, 3, 3, 3, 4, 4, 5, 5]
[0, 1, 1, 3, 3, 5, 5, 5, 6, 6]
[0, 1, 1, 2, 2, 2, 3, 3, 3]
[0, 1, 1, 2, 2, 2, 3, 3, 3]
[0, 1, 1, 2, 2, 2, 3, 3, 3, 4, 4]
[0, 1, 1, 2, 2, 2, 4, 4, 5, 5, 6, 6]
[0, 1, 1, 3, 3, 3, 4, 4, 4, 5, 5]
[0, 1, 1, 2, 2, 5, 5, 5, 6, 6, 6]
[0, 1, 1, 2, 2, 2, 5, 5, 5, 6, 6]
[0, 1, 1, 2, 2, 2, 4, 4, 6, 6, 8, 8]
[0, 1, 1, 2, 2, 3, 3, 3, 4, 4, 4]
[0, 1, 1, 2, 2, 2, 3, 3, 4, 4, 5, 5]
[0, 1, 1, 2, 2, 2, 3, 3, 3, 6, 6]
[0, 1, 1, 3, 3, 4, 4, 4, 5, 5, 6, 6]
[0, 1, 1, 2, 2, 2, 3, 3, 3, 4, 4]
[0, 1, 1, 2, 2, 2, 4, 4, 4, 6, 6]
[0, 1, 1, 2, 2, 3, 3, 3, 5, 5, 9, 9]
[0, 1, 1, 2, 2, 3, 3, 4, 4, 5, 5, 7, 7]
[0, 1, 1, 2, 2, 2, 3, 3, 5, 5, 6, 6]
[0, 1, 1, 3, 3, 3, 4, 4, 5, 5, 5]
[0, 1, 1, 2, 2, 2, 3, 3, 4, 4, 5, 5]
[0, 1, 1, 2, 2, 2, 3, 3, 3, 4, 4]
[0, 1, 1, 2, 2, 2, 4, 4, 7, 7, 8, 8]
[0, 1, 1, 2, 2, 3, 3, 3, 5, 5, 5]
[0, 1, 1, 3, 3, 3, 4, 4, 6, 6, 6]
[0, 1, 1, 2, 2, 4, 4, 6, 6, 6, 8, 8]
[0, 1, 1, 2, 2, 4, 4, 4, 5, 5, 6, 6]
[0, 1, 1, 2, 2, 2, 3, 3, 4, 4, 4]
[0, 1, 1, 2, 2, 2, 3, 3, 4, 4, 5, 5]
[0, 1, 1, 2, 2, 2, 3, 3, 3, 5, 5]
[0, 1, 1, 3, 3, 3, 5, 5, 7, 7, 7]
[0, 1, 1, 2, 2, 5, 5, 5, 6, 6, 6]
[0, 1, 1, 2, 2, 4, 4, 4, 5, 5, 6, 6]
[0, 1, 1, 2, 2, 2, 3, 3, 3, 5, 5]
[0, 1, 1, 3, 3, 3, 4, 4, 5, 5, 5]
[0, 1, 1, 2, 2, 2, 3, 3, 4, 4, 6, 6]
[0, 1, 1, 2, 2, 3, 3, 5, 5, 5, 6, 6]
[0, 1, 1, 2, 2, 3, 3, 6, 6, 8, 8, 8]
[0, 1, 1, 2, 2, 2, 6, 6, 7, 7, 7]
[0, 1, 1, 2, 2, 2, 4, 4, 4, 9, 9]
[0, 1, 1, 2, 2, 2, 3, 3, 4, 4, 5, 5]
[0, 1, 1, 2, 2, 3, 3, 4, 4, 4, 5, 5]
[0, 1, 1, 2, 2, 4, 4, 4, 6, 6, 7, 7]
[0, 1, 1, 2, 2, 3, 3, 4, 4, 5, 5, 5]
[0, 1, 1, 2, 2, 3, 3, 5, 5, 6, 6, 7, 7]
[0, 1, 1, 2, 2, 2, 3, 3, 4, 4, 4]
[0, 1, 1, 2, 2, 2, 3, 3, 4, 4, 4]
[0, 1, 1, 2, 2, 2, 4, 4, 4, 6, 6]
[0, 1, 1, 3, 3, 3, 4, 4, 4, 5, 5]
[0, 1, 1, 2, 2, 3, 3, 3, 4, 4, 6, 6]
[0, 1, 1, 2, 2, 2, 3, 3, 3, 6, 6]
[0, 1, 1, 2, 2, 2, 3, 3, 3, 7, 7]
[0, 1, 1, 2, 2, 3, 3, 3, 4, 4, 5, 5]
[0, 1, 1, 3, 3, 4, 4, 4, 5, 5, 10, 10]
[0, 1, 1, 3, 3, 4, 4, 5, 5, 5, 6, 6]
[0, 1, 1, 2, 2, 4, 4, 6, 6, 6, 7, 7]
[0, 1, 1, 2, 2, 2, 3, 3, 4, 4, 6, 6]
[0, 1, 1, 2, 2, 2, 3, 3, 4, 4, 4]
[0, 1, 1, 3, 3, 3, 4, 4, 4, 8, 8]
[0, 1, 1, 2, 2, 3, 3, 4, 4, 4, 7, 7]
[0, 1, 1, 2, 2, 2, 4, 4, 4, 5, 5]
[0, 1, 1, 2, 2, 2, 3, 3, 4, 4, 4]
[0, 1, 1, 2, 2, 3, 3, 3, 7, 7, 7]
[0, 1, 1, 2, 2, 2, 4, 4, 4, 6, 6]
[0, 1, 1, 2, 2, 3, 3, 4, 4, 4, 5, 5]
[0, 1, 1, 2, 2, 2, 3, 3, 3, 4, 4]
[0, 1, 1, 3, 3, 3, 5, 5, 5, 6, 6]
[0, 1, 1, 3, 3, 3, 4, 4, 5, 5, 5]
[0, 1, 1, 2, 2, 2, 3, 3, 5, 5, 9, 9]
[0, 1, 1, 2, 2, 2, 3, 3, 3, 4, 4]
[0, 1, 1, 3, 3, 3, 4, 4, 5, 5, 10, 10]
[0, 1, 1, 3, 3, 3, 6, 6, 6, 8, 8]
[0, 1, 1, 2, 2, 2, 4, 4, 6, 6, 6]
[0, 1, 1, 2, 2, 2, 6, 6, 6, 7, 7]
[0, 1, 1, 2, 2, 4, 4, 6, 6, 9, 9, 9]
[0, 1, 1, 3, 3, 3, 5, 5, 5, 6, 6]
[0, 1, 1, 2, 2, 2, 4, 4, 4, 6, 6]
[0, 1, 1, 2, 2, 2, 4, 4, 4, 5, 5]
[0, 1, 1, 3, 3, 3, 4, 4, 4, 5, 5]
[0, 1, 1, 2, 2, 3, 3, 3, 6, 6, 6]
[0, 1, 1, 2, 2, 3, 3, 5, 5, 7, 7, 7]
[0, 1, 1, 2, 2, 2, 3, 3, 3, 4, 4]
[0, 1, 1, 3, 3, 5, 5, 7, 7, 8, 8, 8]
[0, 1, 1, 2, 2, 2, 4, 4, 5, 5, 5]
[0, 1, 1, 2, 2, 2, 4, 4, 4, 8, 8]
[0, 1, 1, 2, 2, 2, 3, 3, 5, 5, 6, 6]
[0, 1, 1, 2, 2, 2, 4, 4, 5, 5, 6, 6]
[0, 1, 1, 2, 2, 2, 4, 4, 4, 8, 8]
[0, 1, 1, 2, 2, 3, 3, 3, 4, 4, 4]
[0, 1, 1, 2, 2, 2, 3, 3, 4, 4, 5, 5]
[0, 1, 1, 2, 2, 2, 5, 5, 6, 6, 7, 7]
[0, 1, 1, 2, 2, 2, 3, 3, 4, 4, 4]
[0, 1, 1, 2, 2, 2, 4, 4, 4, 5, 5]
[0, 1, 1, 2, 2, 2, 5, 5, 5, 6, 6]
[0, 1, 1, 2, 2, 3, 3, 4, 4, 4, 5, 5]
[0, 1, 1, 2, 2, 4, 4, 4, 7, 7, 7]
[0, 1, 1, 3, 3, 4, 4, 5, 5, 6, 6, 6]
[0, 1, 1, 3, 3, 4, 4, 5, 5, 6, 6, 7, 7]
[0, 1, 1, 2, 2, 2, 3, 3, 3, 7, 7]
[0, 1, 1, 3, 3, 5, 5, 6, 6, 6, 9, 9]
[0, 1, 1, 2, 2, 2, 3, 3, 5, 5, 6, 6]
[0, 1, 1, 2, 2, 2, 4, 4, 5, 5, 5]
[0, 1, 1, 3, 3, 4, 4, 4, 5, 5, 6, 6]
[0, 1, 1, 2, 2, 2, 3, 3, 4, 4, 5, 5]
[0, 1, 1, 3, 3, 3, 4, 4, 5, 5, 5, 6, 6]
[0, 1, 1, 2, 2, 3, 3, 4, 4, 4, 7, 7, 7]
[0, 1, 1, 2, 2, 2, 3, 3, 3, 4, 4, 6, 6]
[0, 1, 1, 2, 2, 2, 3, 3, 4, 4, 5, 5, 5]
[0, 1, 1, 2, 2, 2, 3, 3, 3, 5, 5, 5]
[0, 1, 1, 2, 2, 2, 3, 3, 4, 4, 4, 5, 5]
[0, 1, 1, 3, 3, 3, 4, 4, 4, 5, 5, 5]
[0, 1, 1, 2, 2, 4, 4, 4, 5, 5, 5, 9, 9]
[0, 1, 1, 3, 3, 3, 6, 6, 7, 7, 8, 8, 10, 10]
[0, 1, 1, 2, 2, 2, 3, 3, 4, 4, 5, 5, 5]
[0, 1, 1, 2, 2, 2, 4, 4, 4, 6, 6, 6]
[0, 1, 1, 2, 2, 4, 4, 4, 5, 5, 9, 9, 9]
[0, 1, 1, 2, 2, 2, 3, 3, 5, 5, 6, 6, 8, 8]
[0, 1, 1, 2, 2, 3, 3, 4, 4, 5, 5, 5, 9, 9]
[0, 1, 1, 2, 2, 4, 4, 5, 5, 5, 7, 7, 7]
[0, 1, 1, 2, 2, 2, 3, 3, 4, 4, 4, 5, 5]
[0, 1, 1, 2, 2, 3, 3, 4, 4, 4, 5, 5, 5]
[0, 1, 1, 2, 2, 2, 3, 3, 5, 5, 7, 7, 8, 8]
[0, 1, 1, 2, 2, 2, 3, 3, 4, 4, 5, 5, 5]
[0, 1, 1, 3, 3, 3, 4, 4, 4, 5, 5, 6, 6]
[0, 1, 1, 3, 3, 3, 5, 5, 8, 8, 9, 9, 12, 12]
[0, 1, 1, 2, 2, 2, 3, 3, 3, 5, 5, 6, 6]
[0, 1, 1, 2, 2, 3, 3, 3, 4, 4, 6, 6, 6]
[0, 1, 1, 2, 2, 3, 3, 4, 4, 4, 5, 5, 6, 6]
[0, 1, 1, 2, 2, 3, 3, 4, 4, 5, 5, 5, 6, 6]
[0, 1, 1, 3, 3, 4, 4, 6, 6, 6, 7, 7, 7]
[0, 1, 1, 3, 3, 4, 4, 5, 5, 8, 8, 10, 10, 11, 11]
[0, 1, 1, 2, 2, 3, 3, 3, 5, 5, 5, 7, 7]
[0, 1, 1, 3, 3, 3, 4, 4, 4, 9, 9, 11, 11]
[0, 1, 1, 2, 2, 2, 3, 3, 5, 5, 7, 7, 8, 8]
[0, 1, 1, 2, 2, 3, 3, 3, 7, 7, 7, 8, 8]
[0, 1, 1, 2, 2, 2, 3, 3, 5, 5, 5, 7, 7]
[0, 1, 1, 2, 2, 2, 3, 3, 3, 4, 4, 4]
[0, 1, 1, 2, 2, 4, 4, 5, 5, 6, 6, 6, 7, 7]
[0, 1, 1, 2, 2, 3, 3, 4, 4, 5, 5, 6, 6, 6]
[0, 1, 1, 2, 2, 2, 3, 3, 3, 5, 5, 5]
[0, 1, 1, 2, 2, 4, 4, 5, 5, 5, 6, 6, 6]
[0, 1, 1, 2, 2, 3, 3, 4, 4, 4, 6, 6, 6]
[0, 1, 1, 2, 2, 3, 3, 4, 4, 5, 5, 6, 6, 6]
[0, 1, 1, 2, 2, 3, 3, 3, 4, 4, 5, 5, 10, 10]
[0, 1, 1, 3, 3, 3, 4, 4, 5, 5, 5, 9, 9]
[0, 1, 1, 3, 3, 4, 4, 5, 5, 6, 6, 7, 7, 9, 9]
[0, 1, 1, 3, 3, 3, 4, 4, 5, 5, 6, 6, 7, 7]
[0, 1, 1, 2, 2, 2, 3, 3, 3, 5, 5, 7, 7]
[0, 1, 1, 2, 2, 2, 3, 3, 4, 4, 5, 5, 6, 6]
[0, 1, 1, 2, 2, 2, 4, 4, 4, 5, 5, 5]
[0, 1, 1, 3, 3, 3, 4, 4, 4, 5, 5, 5]
[0, 1, 1, 2, 2, 2, 3, 3, 5, 5, 5, 6, 6]
[0, 1, 1, 2, 2, 3, 3, 4, 4, 4, 6, 6, 6]
[0, 1, 1, 2, 2, 4, 4, 5, 5, 6, 6, 6, 8, 8]
[0, 1, 1, 2, 2, 4, 4, 4, 5, 5, 5, 7, 7]
[0, 1, 1, 3, 3, 5, 5, 5, 6, 6, 6, 9, 9]
[0, 1, 1, 2, 2, 3, 3, 3, 4, 4, 5, 5, 7, 7]
[0, 1, 1, 2, 2, 3, 3, 3, 4, 4, 4, 5, 5]
[0, 1, 1, 2, 2, 2, 3, 3, 3, 4, 4, 5, 5]
[0, 1, 1, 3, 3, 4, 4, 4, 5, 5, 5, 7, 7]
[0, 1, 1, 3, 3, 3, 4, 4, 4, 5, 5, 7, 7]
[0, 1, 1, 2, 2, 3, 3, 4, 4, 5, 5, 5, 7, 7]
[0, 1, 1, 3, 3, 4, 4, 4, 5, 5, 5, 6, 6]
[0, 1, 1, 2, 2, 4, 4, 6, 6, 7, 7, 7, 8, 8]
[0, 1, 1, 2, 2, 2, 3, 3, 5, 5, 9, 9, 9]
[0, 1, 1, 3, 3, 3, 5, 5, 7, 7, 7, 8, 8]
[0, 1, 1, 3, 3, 4, 4, 7, 7, 7, 8, 8, 10, 10]
[0, 1, 1, 3, 3, 5, 5, 5, 7, 7, 8, 8, 10, 10]
[0, 1, 1, 2, 2, 4, 4, 6, 6, 8, 8, 8, 9, 9]
[0, 1, 1, 2, 2, 3, 3, 3, 4, 4, 4, 5, 5]
[0, 1, 1, 2, 2, 3, 3, 4, 4, 4, 6, 6, 7, 7]
[0, 1, 1, 2, 2, 4, 4, 5, 5, 6, 6, 7, 7, 7]
[0, 1, 1, 3, 3, 3, 4, 4, 4, 5, 5, 5]
[0, 1, 1, 2, 2, 2, 3, 3, 5, 5, 6, 6, 7, 7]
[0, 1, 1, 2, 2, 2, 3, 3, 4, 4, 5, 5, 5]
[0, 1, 1, 2, 2, 3, 3, 4, 4, 4, 5, 5, 5]
[0, 1, 1, 2, 2, 4, 4, 4, 6, 6, 7, 7, 7]
[0, 1, 1, 2, 2, 3, 3, 4, 4, 4, 6, 6, 6]
[0, 1, 1, 2, 2, 3, 3, 3, 4, 4, 5, 5, 6, 6]
[0, 1, 1, 2, 2, 3, 3, 3, 5, 5, 5, 7, 7]
[0, 1, 1, 2, 2, 2, 3, 3, 3, 4, 4, 6, 6]
[0, 1, 1, 2, 2, 2, 5, 5, 5, 6, 6, 6]
[0, 1, 1, 2, 2, 2, 3, 3, 3, 4, 4, 4]
[0, 1, 1, 3, 3, 3, 4, 4, 5, 5, 6, 6, 6]
[0, 1, 1, 2, 2, 2, 3, 3, 4, 4, 4, 6, 6]
[0, 1, 1, 2, 2, 2, 4, 4, 5, 5, 5, 6, 6]
[0, 1, 1, 2, 2, 3, 3, 3, 4, 4, 5, 5, 9, 9]
[0, 1, 1, 3, 3, 3, 6, 6, 7, 7, 7, 10, 10]
[0, 1, 1, 2, 2, 2, 4, 4, 4, 6, 6, 11, 11]
[0, 1, 1, 2, 2, 2, 3, 3, 3, 4, 4, 4]
[0, 1, 1, 2, 2, 2, 3, 3, 6, 6, 7, 7, 7]
[0, 1, 1, 3, 3, 4, 4, 7, 7, 8, 8, 10, 10, 13, 13]
[0, 1, 1, 2, 2, 5, 5, 6, 6, 6, 7, 7, 10, 10]
[0, 1, 1, 2, 2, 4, 4, 5, 5, 5, 6, 6, 6]
[0, 1, 1, 2, 2, 3, 3, 3, 4, 4, 4, 5, 5]
[0, 1, 1, 2, 2, 3, 3, 3, 5, 5, 5, 10, 10]
[0, 1, 1, 2, 2, 4, 4, 4, 5, 5, 6, 6, 6]
[0, 1, 1, 2, 2, 3, 3, 5, 5, 5, 6, 6, 7, 7]
[0, 1, 1, 2, 2, 5, 5, 5, 6, 6, 6, 7, 7]
[0, 1, 1, 2, 2, 2, 3, 3, 4, 4, 4, 7, 7]
[0, 1, 1, 2, 2, 2, 3, 3, 3, 4, 4, 4]
[0, 1, 1, 2, 2, 2, 3, 3, 3, 4, 4, 4]
[0, 1, 1, 2, 2, 2, 3, 3, 4, 4, 10, 10, 11, 11]
[0, 1, 1, 2, 2, 4, 4, 6, 6, 6, 7, 7, 9, 9]
[0, 1, 1, 2, 2, 3, 3, 3, 4, 4, 4, 5, 5, 6, 6]
[0, 1, 1, 3, 3, 3, 4, 4, 4, 5, 5, 5, 6, 6]
[0, 1, 1, 2, 2, 3, 3, 5, 5, 6, 6, 8, 8, 8, 9, 9]
[0, 1, 1, 2, 2, 4, 4, 5, 5, 5, 6, 6, 6, 8, 8]
[0, 1, 1, 3, 3, 4, 4, 6, 6, 6, 8, 8, 9, 9, 9]
[0, 1, 1, 2, 2, 2, 3, 3, 4, 4, 5, 5, 5, 8, 8]
[0, 1, 1, 2, 2, 5, 5, 6, 6, 6, 7, 7, 8, 8, 8]
[0, 1, 1, 2, 2, 3, 3, 5, 5, 7, 7, 7, 9, 9, 10, 10]
[0, 1, 1, 2, 2, 3, 3, 4, 4, 7, 7, 9, 9, 11, 11, 12, 12]
[0, 1, 1, 2, 2, 2, 3, 3, 3, 7, 7, 8, 8, 11, 11]
[0, 1, 1, 3, 3, 3, 4, 4, 7, 7, 7, 8, 8, 9, 9]
[0, 1, 1, 2, 2, 3, 3, 5, 5, 5, 6, 6, 6, 7, 7]
[0, 1, 1, 2, 2, 3, 3, 3, 4, 4, 4, 5, 5, 10, 10]
[0, 1, 1, 2, 2, 2, 3, 3, 3, 4, 4, 5, 5, 5]
[0, 1, 1, 3, 3, 3, 6, 6, 7, 7, 9, 9, 10, 10, 11, 11]
[0, 1, 1, 2, 2, 2, 3, 3, 4, 4, 5, 5, 6, 6, 6]
[0, 1, 1, 2, 2, 2, 3, 3, 3, 6, 6, 6, 7, 7]
[0, 1, 1, 2, 2, 5, 5, 5, 6, 6, 7, 7, 7, 8, 8]
[0, 1, 1, 3, 3, 3, 5, 5, 5, 6, 6, 8, 8, 8]
[0, 1, 1, 2, 2, 3, 3, 4, 4, 5, 5, 5, 7, 7, 8, 8]
[0, 1, 1, 3, 3, 4, 4, 5, 5, 6, 6, 6, 8, 8, 9, 9]
[0, 1, 1, 2, 2, 2, 3, 3, 3, 4, 4, 4, 6, 6]
[0, 1, 1, 3, 3, 3, 4, 4, 5, 5, 5, 6, 6, 9, 9]
[0, 1, 1, 3, 3, 4, 4, 5, 5, 5, 8, 8, 9, 9, 9]
[0, 1, 1, 2, 2, 2, 5, 5, 5, 6, 6, 8, 8, 8]
[0, 1, 1, 2, 2, 3, 3, 6, 6, 6, 7, 7, 7, 9, 9]
[0, 1, 1, 3, 3, 4, 4, 6, 6, 8, 8, 8, 9, 9, 10, 10]
[0, 1, 1, 3, 3, 3, 4, 4, 4, 6, 6, 6, 8, 8]
[0, 1, 1, 2, 2, 2, 3, 3, 4, 4, 5, 5, 8, 8, 9, 9]
[0, 1, 1, 2, 2, 5, 5, 5, 6, 6, 8, 8, 9, 9, 9]
[0, 1, 1, 2, 2, 2, 4, 4, 5, 5, 5, 6, 6, 9, 9]
[0, 1, 1, 2, 2, 2, 3, 3, 4, 4, 5, 5, 5, 7, 7]
[0, 1, 1, 3, 3, 3, 4, 4, 5, 5, 5, 7, 7, 8, 8]
[0, 1, 1, 3, 3, 3, 6, 6, 6, 8, 8, 10, 10, 10]
[0, 1, 1, 2, 2, 2, 4, 4, 5, 5, 5, 6, 6, 6]
[0, 1, 1, 2, 2, 2, 3, 3, 3, 4, 4, 5, 5, 5]
[0, 1, 1, 3, 3, 4, 4, 6, 6, 6, 7, 7, 8, 8, 10, 10]
[0, 1, 1, 2, 2, 3, 3, 3, 4, 4, 6, 6, 6, 9, 9]
[0, 1, 1, 2, 2, 2, 6, 6, 6, 7, 7, 7, 9, 9]
[0, 1, 1, 3, 3, 3, 4, 4, 4, 5, 5, 6, 6, 7, 7]
[0, 1, 1, 3, 3, 3, 5, 5, 5, 8, 8, 9, 9, 10, 10]
[0, 1, 1, 2, 2, 2, 3, 3, 3, 4, 4, 4, 8, 8]
[0, 1, 1, 2, 2, 2, 5, 5, 6, 6, 6, 7, 7, 7]
[0, 1, 1, 3, 3, 3, 5, 5, 5, 8, 8, 8, 9, 9]
[0, 1, 1, 2, 2, 3, 3, 3, 7, 7, 7, 8, 8, 9, 9]
[0, 1, 1, 2, 2, 5, 5, 5, 6, 6, 6, 7, 7, 8, 8]
[0, 1, 1, 2, 2, 3, 3, 4, 4, 4, 5, 5, 5, 6, 6]
[0, 1, 1, 3, 3, 4, 4, 4, 6, 6, 6, 8, 8, 10, 10]
[0, 1, 1, 3, 3, 5, 5, 5, 6, 6, 7, 7, 7, 11, 11]
[0, 1, 1, 2, 2, 3, 3, 3, 5, 5, 7, 7, 9, 9, 13, 13]
[0, 1, 1, 2, 2, 2, 3, 3, 3, 5, 5, 5, 6, 6]
[0, 1, 1, 3, 3, 5, 5, 6, 6, 6, 8, 8, 8, 9, 9]
[0, 1, 1, 3, 3, 3, 4, 4, 4, 5, 5, 5, 6, 6]
[0, 1, 1, 2, 2, 3, 3, 4, 4, 7, 7, 7, 9, 9, 9]
[0, 1, 1, 2, 2, 2, 6, 6, 7, 7, 9, 9, 9, 10, 10]
[0, 1, 1, 3, 3, 3, 4, 4, 4, 5, 5, 5, 7, 7]
[0, 1, 1, 2, 2, 3, 3, 4, 4, 4, 5, 5, 6, 6, 6]
[0, 1, 1, 2, 2, 2, 4, 4, 4, 5, 5, 6, 6, 7, 7]
[0, 1, 1, 2, 2, 2, 3, 3, 3, 4, 4, 4, 5, 5]
[0, 1, 1, 2, 2, 2, 3, 3, 3, 4, 4, 4, 5, 5]
[0, 1, 1, 2, 2, 2, 3, 3, 3, 4, 4, 4, 7, 7]
[0, 1, 1, 2, 2, 4, 4, 5, 5, 5, 7, 7, 7, 8, 8]
[0, 1, 1, 2, 2, 3, 3, 5, 5, 5, 10, 10, 10, 12, 12]
[0, 1, 1, 3, 3, 3, 4, 4, 4, 5, 5, 6, 6, 8, 8]
[0, 1, 1, 2, 2, 4, 4, 4, 5, 5, 6, 6, 6, 7, 7]
[0, 1, 1, 3, 3, 3, 5, 5, 6, 6, 6, 8, 8, 8]
[0, 1, 1, 2, 2, 2, 3, 3, 4, 4, 4, 7, 7, 10, 10]
[0, 1, 1, 2, 2, 2, 4, 4, 4, 6, 6, 7, 7, 7]
[0, 1, 1, 2, 2, 2, 3, 3, 4, 4, 5, 5, 5, 6, 6]
[0, 1, 1, 3, 3, 4, 4, 4, 5, 5, 6, 6, 6, 7, 7]
[0, 1, 1, 2, 2, 2, 3, 3, 3, 4, 4, 5, 5, 5]
[0, 1, 1, 2, 2, 3, 3, 4, 4, 5, 5, 8, 8, 10, 10, 12, 12]
[0, 1, 1, 3, 3, 4, 4, 4, 5, 5, 5, 6, 6, 6]
[0, 1, 1, 2, 2, 2, 3, 3, 3, 4, 4, 4, 6, 6]
[0, 1, 1, 2, 2, 2, 3, 3, 4, 4, 5, 5, 10, 10, 10]
[0, 1, 1, 2, 2, 4, 4, 4, 7, 7, 8, 8, 9, 9, 9]
[0, 1, 1, 2, 2, 2, 5, 5, 6, 6, 9, 9, 9, 10, 10]
[0, 1, 1, 2, 2, 3, 3, 4, 4, 5, 5, 5, 6, 6, 7, 7]
[0, 1, 1, 3, 3, 3, 4, 4, 5, 5, 5, 6, 6, 6]
[0, 1, 1, 3, 3, 3, 5, 5, 5, 6, 6, 7, 7, 8, 8]
[0, 1, 1, 3, 3, 3, 6, 6, 6, 8, 8, 9, 9, 9]
[0, 1, 1, 2, 2, 3, 3, 3, 4, 4, 4, 5, 5, 7, 7]
[0, 1, 1, 2, 2, 3, 3, 4, 4, 4, 5, 5, 8, 8, 10, 10]
[0, 1, 1, 3, 3, 3, 4, 4, 7, 7, 7, 9, 9, 12, 12]
[0, 1, 1, 2, 2, 2, 3, 3, 3, 4, 4, 4, 5, 5]
[0, 1, 1, 2, 2, 3, 3, 5, 5, 5, 6, 6, 7, 7, 8, 8]
[0, 1, 1, 2, 2, 4, 4, 5, 5, 5, 6, 6, 7, 7, 9, 9]
[0, 1, 1, 2, 2, 2, 4, 4, 4, 5, 5, 5, 6, 6]
[0, 1, 1, 3, 3, 5, 5, 5, 6, 6, 6, 7, 7, 7]
[0, 1, 1, 3, 3, 3, 4, 4, 5, 5, 5, 7, 7, 7]
[0, 1, 1, 2, 2, 3, 3, 4, 4, 4, 6, 6, 8, 8, 9, 9]
[0, 1, 1, 2, 2, 2, 4, 4, 5, 5, 5, 6, 6, 6]
[0, 1, 1, 3, 3, 4, 4, 4, 5, 5, 5, 6, 6, 6]
[0, 1, 1, 2, 2, 2, 4, 4, 6, 6, 6, 7, 7, 8, 8]
[0, 1, 1, 2, 2, 3, 3, 4, 4, 6, 6, 6, 7, 7, 8, 8]
[0, 1, 1, 2, 2, 2, 4, 4, 4, 6, 6, 8, 8, 10, 10]
[0, 1, 1, 2, 2, 4, 4, 4, 7, 7, 8, 8, 9, 9, 9]
[0, 1, 1, 2, 2, 2, 3, 3, 4, 4, 4, 5, 5, 5]
[0, 1, 1, 3, 3, 4, 4, 6, 6, 9, 9, 10, 10, 10, 11, 11]
[0, 1, 1, 2, 2, 2, 3, 3, 3, 4, 4, 5, 5, 5]
[0, 1, 1, 2, 2, 2, 4, 4, 5, 5, 5, 8, 8, 10, 10, 10]
[0, 1, 1, 2, 2, 4, 4, 5, 5, 5, 6, 6, 6, 7, 7, 7]
[0, 1, 1, 3, 3, 4, 4, 4, 5, 5, 9, 9, 9, 11, 11, 14, 14]
[0, 1, 1, 2, 2, 2, 4, 4, 6, 6, 6, 8, 8, 9, 9, 10, 10]
[0, 1, 1, 3, 3, 3, 6, 6, 7, 7, 8, 8, 9, 9, 11, 11, 11]
[0, 1, 1, 2, 2, 2, 3, 3, 3, 4, 4, 5, 5, 6, 6, 8, 8]
[0, 1, 1, 2, 2, 2, 4, 4, 4, 6, 6, 6, 7, 7, 8, 8]
[0, 1, 1, 2, 2, 2, 4, 4, 4, 6, 6, 7, 7, 7, 10, 10]
[0, 1, 1, 2, 2, 4, 4, 6, 6, 9, 9, 10, 10, 12, 12, 12, 15, 15]
[0, 1, 1, 2, 2, 3, 3, 4, 4, 6, 6, 6, 7, 7, 10, 10, 10]
[0, 1, 1, 2, 2, 2, 3, 3, 4, 4, 5, 5, 6, 6, 8, 8, 9, 9]
[0, 1, 1, 2, 2, 2, 3, 3, 5, 5, 6, 6, 9, 9, 9, 10, 10]
[0, 1, 1, 2, 2, 3, 3, 4, 4, 5, 5, 5, 6, 6, 7, 7, 7]
[0, 1, 1, 2, 2, 2, 3, 3, 4, 4, 5, 5, 6, 6, 6, 7, 7]
[0, 1, 1, 2, 2, 2, 3, 3, 3, 4, 4, 6, 6, 7, 7, 8, 8]
[0, 1, 1, 2, 2, 2, 3, 3, 5, 5, 5, 6, 6, 6, 9, 9]
[0, 1, 1, 2, 2, 2, 5, 5, 6, 6, 6, 7, 7, 7, 11, 11]
[0, 1, 1, 2, 2, 2, 3, 3, 3, 5, 5, 5, 7, 7, 7]
[0, 1, 1, 2, 2, 4, 4, 4, 7, 7, 7, 8, 8, 9, 9, 10, 10]
[0, 1, 1, 2, 2, 5, 5, 6, 6, 6, 7, 7, 9, 9, 11, 11, 11]
[0, 1, 1, 3, 3, 4, 4, 4, 5, 5, 5, 6, 6, 7, 7, 10, 10]
[0, 1, 1, 3, 3, 3, 4, 4, 5, 5, 7, 7, 7, 8, 8, 10, 10]
[0, 1, 1, 2, 2, 2, 3, 3, 3, 6, 6, 8, 8, 8, 9, 9]
[0, 1, 1, 2, 2, 2, 3, 3, 7, 7, 7, 10, 10, 10, 13, 13]
[0, 1, 1, 3, 3, 3, 5, 5, 6, 6, 7, 7, 7, 8, 8, 8]
[0, 1, 1, 3, 3, 4, 4, 4, 5, 5, 5, 6, 6, 6, 7, 7]
[0, 1, 1, 2, 2, 4, 4, 6, 6, 8, 8, 8, 9, 9, 9, 10, 10]
[0, 1, 1, 3, 3, 3, 6, 6, 6, 9, 9, 10, 10, 12, 12, 14, 14]
[0, 1, 1, 3, 3, 4, 4, 6, 6, 9, 9, 10, 10, 10, 11, 11, 11]
[0, 1, 1, 3, 3, 3, 4, 4, 5, 5, 5, 6, 6, 6, 7, 7]
[0, 1, 1, 2, 2, 2, 3, 3, 3, 4, 4, 5, 5, 5, 6, 6]
[0, 1, 1, 2, 2, 3, 3, 3, 7, 7, 7, 11, 11, 12, 12, 12]
[0, 1, 1, 2, 2, 3, 3, 3, 4, 4, 5, 5, 6, 6, 6, 7, 7]
[0, 1, 1, 3, 3, 4, 4, 4, 6, 6, 6, 8, 8, 10, 10, 12, 12]
[0, 1, 1, 2, 2, 2, 3, 3, 4, 4, 5, 5, 6, 6, 8, 8, 8]
[0, 1, 1, 2, 2, 3, 3, 3, 4, 4, 4, 6, 6, 8, 8, 8]
[0, 1, 1, 2, 2, 3, 3, 3, 4, 4, 6, 6, 6, 10, 10, 11, 11]
[0, 1, 1, 2, 2, 2, 3, 3, 6, 6, 7, 7, 8, 8, 8, 11, 11]
[0, 1, 1, 2, 2, 3, 3, 7, 7, 8, 8, 8, 9, 9, 10, 10, 10]
[0, 1, 1, 2, 2, 4, 4, 5, 5, 6, 6, 7, 7, 7, 8, 8, 10, 10]
[0, 1, 1, 2, 2, 2, 3, 3, 4, 4, 4, 5, 5, 5, 6, 6]
[0, 1, 1, 2, 2, 3, 3, 4, 4, 6, 6, 6, 7, 7, 9, 9, 9]
[0, 1, 1, 2, 2, 2, 3, 3, 4, 4, 5, 5, 12, 12, 13, 13, 16, 16]
[0, 1, 1, 2, 2, 2, 4, 4, 6, 6, 6, 7, 7, 8, 8, 11, 11]
[0, 1, 1, 2, 2, 5, 5, 6, 6, 7, 7, 7, 8, 8, 10, 10, 10]
[0, 1, 1, 2, 2, 3, 3, 5, 5, 6, 6, 7, 7, 8, 8, 9, 9, 11, 11]
[0, 1, 1, 2, 2, 3, 3, 3, 5, 5, 5, 6, 6, 8, 8, 8]
[0, 1, 1, 3, 3, 4, 4, 4, 6, 6, 7, 7, 8, 8, 8, 9, 9]
[0, 1, 1, 2, 2, 2, 3, 3, 3, 4, 4, 5, 5, 6, 6, 6]
[0, 1, 1, 2, 2, 2, 3, 3, 5, 5, 5, 6, 6, 7, 7, 7]
[0, 1, 1, 2, 2, 2, 3, 3, 3, 4, 4, 5, 5, 5, 8, 8]
[0, 1, 1, 2, 2, 3, 3, 4, 4, 6, 6, 9, 9, 10, 10, 11, 11, 11]
[0, 1, 1, 2, 2, 3, 3, 6, 6, 6, 7, 7, 7, 8, 8, 11, 11]
[0, 1, 1, 2, 2, 2, 3, 3, 7, 7, 8, 8, 9, 9, 9, 11, 11]
[0, 1, 1, 2, 2, 2, 3, 3, 4, 4, 5, 5, 6, 6, 7, 7, 7]
[0, 1, 1, 3, 3, 3, 6, 6, 6, 7, 7, 8, 8, 8, 10, 10]
[0, 1, 1, 2, 2, 4, 4, 4, 5, 5, 5, 6, 6, 8, 8, 8]
[0, 1, 1, 2, 2, 2, 5, 5, 5, 7, 7, 8, 8, 10, 10, 12, 12]
[0, 1, 1, 2, 2, 2, 3, 3, 4, 4, 4, 5, 5, 6, 6, 6]
[0, 1, 1, 3, 3, 4, 4, 4, 5, 5, 5, 7, 7, 7, 9, 9]
[0, 1, 1, 2, 2, 2, 3, 3, 3, 4, 4, 5, 5, 5, 8, 8]
[0, 1, 1, 3, 3, 3, 4, 4, 5, 5, 5, 6, 6, 6, 10, 10]
[0, 1, 1, 2, 2, 5, 5, 6, 6, 7, 7, 7, 9, 9, 10, 10, 11, 11]
[0, 1, 1, 2, 2, 5, 5, 6, 6, 6, 7, 7, 7, 9, 9, 9]
[0, 1, 1, 2, 2, 2, 3, 3, 4, 4, 5, 5, 5, 6, 6, 7, 7]
[0, 1, 1, 2, 2, 2, 6, 6, 7, 7, 8, 8, 8, 9, 9, 10, 10]
[0, 1, 1, 2, 2, 2, 3, 3, 4, 4, 4, 5, 5, 6, 6, 6]
[0, 1, 1, 2, 2, 2, 4, 4, 4, 5, 5, 6, 6, 8, 8, 15, 15]
[0, 1, 1, 2, 2, 2, 3, 3, 3, 4, 4, 4, 5, 5, 5]
[0, 1, 1, 2, 2, 3, 3, 3, 4, 4, 4, 5, 5, 5, 7, 7]
[0, 1, 1, 2, 2, 4, 4, 5, 5, 5, 6, 6, 7, 7, 8, 8, 9, 9]
[0, 1, 1, 2, 2, 5, 5, 6, 6, 7, 7, 7, 9, 9, 9, 11, 11]
[0, 1, 1, 2, 2, 3, 3, 3, 4, 4, 4, 7, 7, 7, 8, 8]
[0, 1, 1, 2, 2, 3, 3, 3, 5, 5, 6, 6, 7, 7, 7, 11, 11]
[0, 1, 1, 2, 2, 3, 3, 3, 7, 7, 8, 8, 8, 9, 9, 9]
[0, 1, 1, 2, 2, 2, 4, 4, 5, 5, 7, 7, 7, 9, 9, 11, 11]
[0, 1, 1, 3, 3, 5, 5, 6, 6, 6, 7, 7, 9, 9, 9, 13, 13]
[0, 1, 1, 2, 2, 3, 3, 3, 4, 4, 6, 6, 6, 7, 7, 8, 8]
[0, 1, 1, 2, 2, 4, 4, 4, 6, 6, 8, 8, 8, 11, 11, 11]
[0, 1, 1, 3, 3, 4, 4, 5, 5, 5, 6, 6, 7, 7, 8, 8, 9, 9]
[0, 1, 1, 2, 2, 2, 5, 5, 5, 6, 6, 7, 7, 7, 8, 8]
[0, 1, 1, 3, 3, 4, 4, 5, 5, 7, 7, 7, 8, 8, 8, 10, 10]
[0, 1, 1, 2, 2, 2, 4, 4, 4, 5, 5, 6, 6, 6, 9, 9]
[0, 1, 1, 3, 3, 3, 4, 4, 6, 6, 8, 8, 8, 9, 9, 10, 10]
[0, 1, 1, 2, 2, 3, 3, 4, 4, 4, 5, 5, 5, 6, 6, 6]
[0, 1, 1, 3, 3, 5, 5, 5, 6, 6, 6, 8, 8, 9, 9, 11, 11]
[0, 1, 1, 3, 3, 3, 4, 4, 4, 5, 5, 6, 6, 7, 7, 9, 9]
[0, 1, 1, 2, 2, 2, 3, 3, 5, 5, 5, 6, 6, 7, 7, 7]
[0, 1, 1, 3, 3, 3, 5, 5, 6, 6, 10, 10, 10, 11, 11, 12, 12]
[0, 1, 1, 2, 2, 3, 3, 3, 4, 4, 4, 5, 5, 5, 7, 7]
[0, 1, 1, 2, 2, 2, 3, 3, 3, 4, 4, 6, 6, 8, 8, 8]
[0, 1, 1, 2, 2, 2, 3, 3, 3, 5, 5, 5, 7, 7, 7]
[0, 1, 1, 2, 2, 3, 3, 3, 5, 5, 6, 6, 7, 7, 9, 9, 11, 11]
[0, 1, 1, 2, 2, 2, 3, 3, 3, 4, 4, 5, 5, 5, 6, 6]
[0, 1, 1, 2, 2, 3, 3, 5, 5, 6, 6, 7, 7, 7, 8, 8, 8]
[0, 1, 1, 3, 3, 3, 4, 4, 5, 5, 8, 8, 8, 10, 10, 11, 11]
[0, 1, 1, 2, 2, 2, 3, 3, 6, 6, 6, 7, 7, 8, 8, 12, 12]
[0, 1, 1, 2, 2, 4, 4, 4, 5, 5, 5, 7, 7, 7, 8, 8]
[0, 1, 1, 2, 2, 2, 3, 3, 4, 4, 6, 6, 7, 7, 9, 9, 9]
[0, 1, 1, 3, 3, 3, 5, 5, 5, 6, 6, 7, 7, 8, 8, 8]
